DateTime,Distance,Height,Stored_Water,Fill_Height,CPU_Temp,Air_Temp2021-08-01 13:00:40,110.77,128.23,14011,73.91,44.39,25.81
2021-08-01 13:01:14,116.76,122.24,13357,70.46,44.39,25.88
2021-08-01 13:04:17,120.58,118.42,12939,68.25,43.31,26.00
2021-08-01 13:07:20,119.50,119.50,13057,68.88,41.70,26.00
2021-08-01 13:10:24,119.27,119.73,13082,69.01,42.77,26.06
2021-08-01 13:13:27,119.05,119.95,13106,69.14,42.24,26.06
2021-08-01 13:16:30,119.14,119.86,13097,69.08,42.24,26.00
2021-08-01 13:19:34,118.79,120.21,13135,69.29,42.24,26.00
2021-08-01 13:22:37,117.25,121.75,13303,70.17,41.70,25.94
2021-08-01 13:25:40,118.25,120.75,13194,69.60,42.24,25.94
2021-08-01 13:28:44,117.64,121.36,13261,69.95,42.24,25.88
2021-08-01 13:31:47,117.73,121.27,13251,69.90,41.16,25.81
2021-08-01 13:34:50,117.34,121.66,13293,70.12,42.24,25.81
2021-08-01 13:37:54,112.55,126.45,13817,72.88,42.24,25.81
2021-08-01 13:40:57,116.27,122.73,13410,70.74,41.70,25.81
2021-08-01 13:44:00,115.84,123.16,13457,70.99,41.70,25.81
2021-08-01 13:47:03,115.51,123.49,13493,71.18,42.24,25.75
2021-08-01 13:50:07,114.55,124.45,13598,71.73,41.70,25.75
2021-08-01 13:53:10,110.68,128.32,14021,73.96,41.70,25.69
2021-08-01 13:56:13,102.89,136.11,14872,78.45,41.16,25.75
2021-08-01 13:59:17, 97.71,141.29,15438,81.44,42.24,25.69
2021-08-01 14:02:20, 90.56,148.44,16220,85.56,42.24,25.62
2021-08-01 14:05:23, 88.34,150.66,16462,86.84,41.70,25.62
2021-08-01 14:08:27, 87.53,151.47,16551,87.30,41.70,25.62
2021-08-01 14:11:30, 87.01,151.99,16607,87.60,41.16,25.62
2021-08-01 14:14:33, 86.38,152.62,16676,87.97,41.16,25.56
2021-08-01 14:17:37, 86.25,152.75,16690,88.04,41.16,25.56
2021-08-01 14:20:40, 85.74,153.26,16746,88.33,41.16,25.62
2021-08-01 14:23:43, 85.95,153.05,16723,88.21,42.24,25.69
2021-08-01 14:26:46, 85.56,153.44,16766,88.44,42.24,25.62
2021-08-01 14:29:50, 85.18,153.82,16807,88.66,41.70,25.62
2021-08-01 14:32:53, 85.07,153.93,16819,88.72,41.16,25.62
2021-08-01 14:35:56, 83.89,155.11,16948,89.40,41.16,25.56
2021-08-01 14:39:00, 84.23,154.77,16911,89.20,41.70,25.56
2021-08-01 14:42:03, 83.67,155.33,16972,89.53,41.16,25.56
2021-08-01 14:45:06, 83.16,155.84,17028,89.82,42.24,25.50
2021-08-01 14:48:10, 81.99,157.01,17156,90.50,41.70,25.56
2021-08-01 14:51:13, 83.07,155.93,17038,89.87,41.70,25.50
2021-08-01 14:54:16, 83.23,155.77,17020,89.78,41.70,25.56
2021-08-01 14:57:20, 78.89,160.11,17495,92.28,41.70,25.62
2021-08-01 15:00:23, 82.90,156.10,17057,89.97,42.24,25.62
2021-08-01 15:03:26, 82.63,156.37,17086,90.13,42.24,25.69
2021-08-01 15:06:30, 83.06,155.94,17039,89.88,42.24,25.69
2021-08-01 15:09:33, 83.24,155.76,17019,89.78,41.16,25.56
2021-08-01 15:12:36, 83.30,155.70,17013,89.74,42.24,25.62
2021-08-01 15:15:40, 82.55,156.45,17095,90.17,42.24,25.62
2021-08-01 15:18:43, 82.61,156.39,17088,90.14,41.70,25.69
2021-08-01 15:21:46, 82.83,156.17,17064,90.01,41.70,25.69
2021-08-01 15:24:50, 82.74,156.26,17074,90.06,41.70,25.69
2021-08-01 15:27:53, 82.81,156.19,17066,90.02,41.70,25.69
2021-08-01 15:30:56, 82.55,156.45,17095,90.17,41.70,25.69
2021-08-01 15:34:00, 82.71,156.29,17077,90.08,41.16,25.69
2021-08-01 15:37:03, 82.94,156.06,17052,89.95,42.24,25.62
2021-08-01 15:40:06, 82.47,156.53,17104,90.22,41.70,25.69
2021-08-01 15:43:10, 81.88,157.12,17168,90.56,41.70,25.69
2021-08-01 15:46:13, 82.09,156.91,17145,90.44,41.70,25.69
2021-08-01 15:49:16, 81.48,157.52,17212,90.79,41.70,25.62
2021-08-01 15:52:20, 81.81,157.19,17176,90.60,41.16,25.62
2021-08-01 15:55:23, 81.24,157.76,17238,90.93,41.16,25.62
2021-08-01 15:58:26, 80.82,158.18,17284,91.17,41.16,25.62
2021-08-01 16:01:30, 81.04,157.96,17260,91.04,41.70,25.56
2021-08-01 16:04:33, 81.05,157.95,17259,91.04,41.16,25.56
2021-08-01 16:07:36, 80.53,158.47,17316,91.34,41.16,25.50
2021-08-01 16:10:40, 81.11,157.89,17252,91.00,41.16,25.50
2021-08-01 16:13:43, 80.74,158.26,17293,91.22,42.24,25.50
2021-08-01 16:16:46, 80.07,158.93,17366,91.60,41.16,25.50
2021-08-01 16:19:50, 80.06,158.94,17367,91.61,41.16,25.50
2021-08-01 16:22:53, 80.09,158.91,17364,91.59,42.24,25.56
2021-08-01 16:25:56, 80.33,158.67,17337,91.45,42.24,25.50
2021-08-01 16:28:59, 79.50,159.50,17428,91.93,41.16,25.50
2021-08-01 16:32:03, 79.70,159.30,17406,91.82,41.16,25.50
2021-08-01 16:35:06, 79.84,159.16,17391,91.73,41.16,25.50
2021-08-01 16:38:09, 80.01,158.99,17372,91.64,41.16,25.56
2021-08-01 16:41:13, 79.46,159.54,17432,91.95,41.70,25.50
2021-08-01 16:44:16, 78.91,160.09,17493,92.27,41.16,25.56
2021-08-01 16:47:19, 79.00,160.00,17483,92.22,41.16,25.50
2021-08-01 16:50:23, 79.28,159.72,17452,92.06,41.70,25.50
2021-08-01 16:53:26, 79.23,159.77,17458,92.09,41.16,25.56
2021-08-01 16:56:29, 79.48,159.52,17430,91.94,41.16,25.50
2021-08-01 16:59:33, 78.85,160.15,17499,92.31,41.16,25.50
2021-08-01 17:02:36, 78.74,160.26,17511,92.37,41.16,25.50
2021-08-01 17:05:39, 78.52,160.48,17535,92.50,41.70,25.50
2021-08-01 17:08:43, 78.70,160.30,17515,92.39,41.16,25.50
2021-08-01 17:11:46, 78.92,160.08,17491,92.27,41.16,25.50
2021-08-01 17:14:49, 78.81,160.19,17503,92.33,42.24,25.50
2021-08-01 17:17:53, 78.06,160.94,17585,92.76,41.16,25.56
2021-08-01 17:20:56, 78.36,160.64,17553,92.59,42.24,25.56
2021-08-01 17:23:59, 75.36,163.64,17880,94.32,42.24,25.62
2021-08-01 17:27:03, 78.07,160.93,17584,92.76,42.24,25.62
2021-08-01 17:30:06, 78.14,160.86,17577,92.71,42.24,25.62
2021-08-01 17:33:09, 77.89,161.11,17604,92.86,42.24,25.62
2021-08-01 17:36:12, 77.80,161.20,17614,92.91,42.24,25.69
2021-08-01 17:39:16, 77.69,161.31,17626,92.97,42.24,25.75
2021-08-01 17:42:19, 77.55,161.45,17641,93.05,42.24,25.75
2021-08-01 17:45:22, 76.57,162.43,17748,93.62,41.16,25.69
2021-08-01 17:48:26, 76.32,162.68,17776,93.76,41.70,25.69
2021-08-01 17:51:29, 75.61,163.39,17853,94.17,41.70,25.69
2021-08-01 17:54:33, 76.18,162.82,17791,93.84,41.16,25.62
2021-08-01 17:57:36, 75.83,163.17,17829,94.05,41.70,25.56
2021-08-01 18:00:39, 75.67,163.33,17847,94.14,41.16,25.50
2021-08-01 18:03:42, 75.40,163.60,17876,94.29,41.16,25.56
2021-08-01 18:06:46, 75.55,163.45,17860,94.21,41.70,25.50
2021-08-01 18:09:49, 75.69,163.31,17844,94.13,42.24,25.50
2021-08-01 18:12:52, 75.86,163.14,17826,94.03,41.70,25.56
2021-08-01 18:15:56, 75.26,163.74,17891,94.37,41.16,25.50
2021-08-01 18:18:59, 75.23,163.77,17895,94.39,42.24,25.50
2021-08-01 18:22:02, 75.26,163.74,17891,94.37,41.16,25.44
2021-08-01 18:25:06, 75.17,163.83,17901,94.43,41.70,25.44
2021-08-01 18:28:09, 75.43,163.57,17873,94.28,41.70,25.50
2021-08-01 18:31:12, 75.30,163.70,17887,94.35,41.16,25.44
2021-08-01 18:34:16, 75.36,163.64,17880,94.32,41.16,25.50
2021-08-01 18:37:19, 75.48,163.52,17867,94.25,41.16,25.44
2021-08-01 18:40:22, 75.41,163.59,17875,94.29,41.70,25.50
2021-08-01 18:43:25, 75.54,163.46,17861,94.21,41.16,25.44
2021-08-01 18:46:29, 75.66,163.34,17848,94.14,41.16,25.44
2021-08-01 18:49:32, 75.52,163.48,17863,94.22,41.16,25.44
2021-08-01 18:52:36, 75.50,163.50,17865,94.24,41.70,25.50
2021-08-01 18:55:39, 75.42,163.58,17874,94.28,41.16,25.44
2021-08-01 18:58:42, 75.49,163.51,17866,94.24,41.70,25.44
2021-08-01 19:01:45, 75.47,163.53,17868,94.25,41.16,25.44
2021-08-01 19:04:49, 75.51,163.49,17864,94.23,41.16,25.50
2021-08-01 19:07:52, 75.47,163.53,17868,94.25,41.16,25.44
2021-08-01 19:10:55, 75.55,163.45,17860,94.21,41.16,25.44
2021-08-01 19:13:59, 75.61,163.39,17853,94.17,41.16,25.44
2021-08-01 19:17:02, 75.49,163.51,17866,94.24,41.16,25.44
2021-08-01 19:20:05, 75.47,163.53,17868,94.25,41.16,25.50
2021-08-01 19:23:08, 75.58,163.42,17856,94.19,41.70,25.50
2021-08-01 19:26:12, 75.55,163.45,17860,94.21,41.16,25.50
2021-08-01 19:29:15, 75.46,163.54,17870,94.26,41.16,25.50
2021-08-01 19:32:18, 75.49,163.51,17866,94.24,41.70,25.44
2021-08-01 19:35:22, 75.52,163.48,17863,94.22,41.16,25.50
2021-08-01 19:38:25, 75.53,163.47,17862,94.22,41.16,25.50
2021-08-01 19:41:28, 75.58,163.42,17856,94.19,41.16,25.50
2021-08-01 19:44:32, 75.50,163.50,17865,94.24,41.70,25.44
2021-08-01 19:47:35, 75.50,163.50,17865,94.24,41.16,25.44
2021-08-01 19:50:38, 75.44,163.56,17872,94.27,41.16,25.44
2021-08-01 19:53:42, 75.41,163.59,17875,94.29,41.16,25.50
2021-08-01 19:56:45, 75.51,163.49,17864,94.23,41.16,25.44
2021-08-01 19:59:48, 75.36,163.64,17880,94.32,41.16,25.44
2021-08-01 20:02:52, 75.49,163.51,17866,94.24,41.16,25.44
2021-08-01 20:05:55, 75.51,163.49,17864,94.23,41.16,25.44
2021-08-01 20:08:58, 75.42,163.58,17874,94.28,42.24,25.44
2021-08-01 20:12:02, 75.46,163.54,17870,94.26,41.16,25.44
2021-08-01 20:15:05, 75.50,163.50,17865,94.24,41.16,25.44
2021-08-01 20:18:08, 75.64,163.36,17850,94.16,41.16,25.44
2021-08-01 20:21:12, 75.38,163.62,17878,94.31,41.70,25.50
2021-08-01 20:24:15, 75.46,163.54,17870,94.26,42.24,25.44
2021-08-01 20:27:18, 75.55,163.45,17860,94.21,42.24,25.44
2021-08-01 20:30:21, 75.55,163.45,17860,94.21,41.16,25.50
2021-08-01 20:33:25, 75.55,163.45,17860,94.21,41.16,25.44
2021-08-01 20:36:28, 75.43,163.57,17873,94.28,41.16,25.50
2021-08-01 20:39:32, 75.45,163.55,17871,94.27,41.70,25.38
2021-08-01 20:42:35, 75.40,163.60,17876,94.29,41.16,25.44
2021-08-01 20:45:38, 75.53,163.47,17862,94.22,41.16,25.44
2021-08-01 20:48:42, 75.38,163.62,17878,94.31,41.70,25.44
2021-08-01 20:51:45, 75.55,163.45,17860,94.21,41.16,25.44
2021-08-01 20:54:48, 75.50,163.50,17865,94.24,41.70,25.44
2021-08-01 20:57:52, 75.55,163.45,17860,94.21,41.16,25.38
2021-08-01 21:00:55, 75.69,163.31,17844,94.13,41.16,25.44
2021-08-01 21:03:58, 75.64,163.36,17850,94.16,41.16,25.44
2021-08-01 21:07:02, 75.49,163.51,17866,94.24,41.16,25.44
2021-08-01 21:10:05, 75.58,163.42,17856,94.19,41.16,25.44
2021-08-01 21:13:08, 75.63,163.37,17851,94.16,41.16,25.44
2021-08-01 21:16:11, 75.62,163.38,17852,94.17,41.70,25.44
2021-08-01 21:19:15, 75.61,163.39,17853,94.17,42.24,25.44
2021-08-01 21:22:18, 75.56,163.44,17859,94.20,41.16,25.44
2021-08-01 21:25:22, 75.62,163.38,17852,94.17,41.70,25.50
2021-08-01 21:28:25, 75.58,163.42,17856,94.19,41.70,25.44
2021-08-01 21:31:28, 75.62,163.38,17852,94.17,41.70,25.44
2021-08-01 21:34:32, 75.59,163.41,17855,94.18,41.16,25.44
2021-08-01 21:37:35, 75.54,163.46,17861,94.21,41.70,25.44
2021-08-01 21:40:38, 75.50,163.50,17865,94.24,41.16,25.44
2021-08-01 21:43:41, 75.53,163.47,17862,94.22,41.16,25.44
2021-08-01 21:46:45, 75.29,163.71,17888,94.36,41.16,25.44
2021-08-01 21:49:48, 75.42,163.58,17874,94.28,41.70,25.38
2021-08-01 21:52:51, 75.17,163.83,17901,94.43,41.70,25.38
2021-08-01 21:55:55, 75.30,163.70,17887,94.35,41.70,25.44
2021-08-01 21:58:58, 75.51,163.49,17864,94.23,41.16,25.44
2021-08-01 22:02:01, 75.52,163.48,17863,94.22,41.16,25.38
2021-08-01 22:05:05, 75.49,163.51,17866,94.24,41.16,25.31
2021-08-01 22:08:08, 75.17,163.83,17901,94.43,41.16,25.44
2021-08-01 22:11:11, 75.28,163.72,17889,94.36,43.31,25.38
2021-08-01 22:14:15, 75.39,163.61,17877,94.30,42.24,25.44
2021-08-01 22:17:18, 75.40,163.60,17876,94.29,41.70,25.38
2021-08-01 22:20:22, 75.50,163.50,17865,94.24,41.16,25.38
2021-08-01 22:23:25, 75.37,163.63,17879,94.31,41.16,25.38
2021-08-01 22:26:28, 75.03,163.97,17917,94.51,41.16,25.38
2021-08-01 22:29:32, 75.26,163.74,17891,94.37,41.70,25.38
2021-08-01 22:32:35, 75.14,163.86,17904,94.44,41.70,25.44
2021-08-01 22:35:38, 75.51,163.49,17864,94.23,41.70,25.38
2021-08-01 22:38:42, 75.74,163.26,17839,94.10,41.16,25.44
2021-08-01 22:41:45, 75.25,163.75,17892,94.38,41.16,25.44
2021-08-01 22:44:48, 75.34,163.66,17883,94.33,41.70,25.38
2021-08-01 22:47:51, 75.46,163.54,17870,94.26,41.70,25.38
2021-08-01 22:50:55, 75.48,163.52,17867,94.25,41.16,25.38
2021-08-01 22:53:58, 75.50,163.50,17865,94.24,41.16,25.38
2021-08-01 22:57:01, 75.42,163.58,17874,94.28,41.16,25.38
2021-08-01 23:00:05, 75.44,163.56,17872,94.27,41.16,25.38
2021-08-01 23:03:08, 75.49,163.51,17866,94.24,41.70,25.38
2021-08-01 23:06:11, 75.55,163.45,17860,94.21,41.16,25.38
2021-08-01 23:09:15, 75.41,163.59,17875,94.29,41.16,25.38
2021-08-01 23:12:18, 75.33,163.67,17884,94.33,41.16,25.44
2021-08-01 23:15:21, 75.46,163.54,17870,94.26,41.16,25.38
2021-08-01 23:18:25, 75.48,163.52,17867,94.25,41.16,25.38
2021-08-01 23:21:28, 75.56,163.44,17859,94.20,41.16,25.44
2021-08-01 23:24:31, 75.49,163.51,17866,94.24,41.16,25.38
2021-08-01 23:27:34, 75.48,163.52,17867,94.25,41.16,25.38
2021-08-01 23:30:38, 75.37,163.63,17879,94.31,41.16,25.38
2021-08-01 23:33:41, 75.50,163.50,17865,94.24,41.16,25.38
2021-08-01 23:36:44, 75.54,163.46,17861,94.21,40.62,25.38
2021-08-01 23:39:48, 75.56,163.44,17859,94.20,41.16,25.38
2021-08-01 23:42:51, 75.42,163.58,17874,94.28,41.16,25.31
2021-08-01 23:45:54, 75.49,163.51,17866,94.24,41.70,25.38
2021-08-01 23:48:58, 75.57,163.43,17857,94.20,41.16,25.31
2021-08-01 23:52:01, 75.49,163.51,17866,94.24,41.16,25.31
2021-08-01 23:55:04, 75.49,163.51,17866,94.24,41.16,25.31
2021-08-01 23:58:07, 75.48,163.52,17867,94.25,41.16,25.38
2021-08-02 00:01:11, 75.60,163.40,17854,94.18,41.16,25.38
2021-08-02 00:04:14, 75.51,163.49,17864,94.23,41.16,25.38
2021-08-02 00:07:17, 75.46,163.54,17870,94.26,41.70,25.38
2021-08-02 00:10:21, 75.65,163.35,17849,94.15,42.24,25.38
2021-08-02 00:13:24, 75.50,163.50,17865,94.24,41.16,25.38
2021-08-02 00:16:27, 75.54,163.46,17861,94.21,41.16,25.44
2021-08-02 00:19:31, 75.45,163.55,17871,94.27,41.70,25.38
2021-08-02 00:22:34, 75.57,163.43,17857,94.20,41.16,25.38
2021-08-02 00:25:37, 75.62,163.38,17852,94.17,41.16,25.38
2021-08-02 00:28:41, 75.73,163.27,17840,94.10,41.16,25.44
2021-08-02 00:31:44, 75.36,163.64,17880,94.32,41.16,25.38
2021-08-02 00:34:47, 75.47,163.53,17868,94.25,42.24,25.38
2021-08-02 00:37:51, 75.48,163.52,17867,94.25,41.16,25.38
2021-08-02 00:40:54, 75.13,163.87,17906,94.45,41.70,25.38
2021-08-02 00:43:57, 75.33,163.67,17884,94.33,41.70,25.38
2021-08-02 00:47:01, 75.54,163.46,17861,94.21,41.16,25.44
2021-08-02 00:50:04, 75.23,163.77,17895,94.39,41.16,25.38
2021-08-02 00:53:07, 75.57,163.43,17857,94.20,41.70,25.38
2021-08-02 00:56:10, 75.25,163.75,17892,94.38,41.16,25.38
2021-08-02 00:59:14, 75.26,163.74,17891,94.37,41.16,25.31
2021-08-02 01:02:17, 75.18,163.82,17900,94.42,41.70,25.38
2021-08-02 01:05:20, 75.37,163.63,17879,94.31,41.16,25.38
2021-08-02 01:08:24, 75.19,163.81,17899,94.41,41.70,25.38
2021-08-02 01:11:27, 75.24,163.76,17894,94.39,41.16,25.31
2021-08-02 01:14:30, 75.22,163.78,17896,94.40,41.16,25.38
2021-08-02 01:17:34, 75.31,163.69,17886,94.35,41.16,25.38
2021-08-02 01:20:37, 75.26,163.74,17891,94.37,41.16,25.38
2021-08-02 01:23:41, 75.20,163.80,17898,94.41,41.70,25.38
2021-08-02 01:26:44, 75.28,163.72,17889,94.36,41.16,25.31
2021-08-02 01:29:47, 75.21,163.79,17897,94.40,41.16,25.31
2021-08-02 01:32:50, 75.25,163.75,17892,94.38,41.70,25.31
2021-08-02 01:35:54, 75.25,163.75,17892,94.38,41.16,25.38
2021-08-02 01:38:57, 75.08,163.92,17911,94.48,41.16,25.38
2021-08-02 01:42:00, 75.17,163.83,17901,94.43,41.70,25.38
2021-08-02 01:45:04, 74.77,164.23,17945,94.66,41.16,25.38
2021-08-02 01:48:07, 75.17,163.83,17901,94.43,41.16,25.31
2021-08-02 01:51:10, 74.81,164.19,17941,94.63,41.16,25.31
2021-08-02 01:54:14, 74.70,164.30,17953,94.70,41.16,25.31
2021-08-02 01:57:17, 74.84,164.16,17937,94.62,41.16,25.31
2021-08-02 02:00:20, 74.45,164.55,17980,94.84,41.16,25.25
2021-08-02 02:03:24, 74.61,164.39,17962,94.75,41.16,25.31
2021-08-02 02:06:27, 74.71,164.29,17951,94.69,41.16,25.25
2021-08-02 02:09:30, 74.75,164.25,17947,94.67,40.62,25.31
2021-08-02 02:12:34, 74.66,164.34,17957,94.72,41.16,25.31
2021-08-02 02:15:37, 74.69,164.31,17954,94.70,41.16,25.25
2021-08-02 02:18:40, 74.75,164.25,17947,94.67,41.16,25.25
2021-08-02 02:21:44, 74.50,164.50,17974,94.81,41.16,25.25
2021-08-02 02:24:47, 74.49,164.51,17976,94.82,41.16,25.25
2021-08-02 02:27:50, 74.41,164.59,17984,94.86,41.16,25.31
2021-08-02 02:30:54, 74.40,164.60,17985,94.87,41.16,25.25
2021-08-02 02:33:57, 74.39,164.61,17986,94.88,41.16,25.31
2021-08-02 02:37:00, 74.42,164.58,17983,94.86,41.16,25.31
2021-08-02 02:40:04, 74.49,164.51,17976,94.82,41.16,25.31
2021-08-02 02:43:07, 74.40,164.60,17985,94.87,41.16,25.31
2021-08-02 02:46:10, 74.44,164.56,17981,94.85,41.70,25.31
2021-08-02 02:49:13, 74.49,164.51,17976,94.82,41.16,25.25
2021-08-02 02:52:17, 74.57,164.43,17967,94.77,41.16,25.25
2021-08-02 02:55:20, 74.51,164.49,17973,94.81,41.16,25.19
2021-08-02 02:58:23, 74.55,164.45,17969,94.78,41.16,25.25
2021-08-02 03:01:27, 74.59,164.41,17965,94.76,41.16,25.25
2021-08-02 03:04:30, 74.57,164.43,17967,94.77,41.16,25.25
2021-08-02 03:07:33, 74.55,164.45,17969,94.78,41.70,25.31
2021-08-02 03:10:37, 74.70,164.30,17953,94.70,41.70,25.31
2021-08-02 03:13:40, 74.55,164.45,17969,94.78,41.16,25.31
2021-08-02 03:16:43, 74.55,164.45,17969,94.78,41.16,25.31
2021-08-02 03:19:47, 74.79,164.21,17943,94.65,41.16,25.31
2021-08-02 03:22:50, 74.60,164.40,17963,94.76,41.70,25.25
2021-08-02 03:25:53, 74.77,164.23,17945,94.66,41.16,25.25
2021-08-02 03:28:57, 74.69,164.31,17954,94.70,41.16,25.19
2021-08-02 03:32:00, 74.68,164.32,17955,94.71,41.16,25.25
2021-08-02 03:35:03, 74.57,164.43,17967,94.77,41.16,25.25
2021-08-02 03:38:07, 74.58,164.42,17966,94.77,41.16,25.25
2021-08-02 03:41:10, 74.68,164.32,17955,94.71,41.16,25.25
2021-08-02 03:44:13, 74.64,164.36,17959,94.73,41.16,25.31
2021-08-02 03:47:17, 74.69,164.31,17954,94.70,41.16,25.25
2021-08-02 03:50:20, 74.77,164.23,17945,94.66,41.16,25.25
2021-08-02 03:53:23, 74.69,164.31,17954,94.70,40.62,25.25
2021-08-02 03:56:26, 74.81,164.19,17941,94.63,41.16,25.25
2021-08-02 03:59:30, 74.73,164.27,17949,94.68,41.16,25.19
2021-08-02 04:02:33, 74.71,164.29,17951,94.69,41.16,25.19
2021-08-02 04:05:37, 74.70,164.30,17953,94.70,41.16,25.25
2021-08-02 04:08:40, 74.71,164.29,17951,94.69,41.16,25.25
2021-08-02 04:11:43, 74.71,164.29,17951,94.69,41.16,25.19
2021-08-02 04:14:46, 74.78,164.22,17944,94.65,41.16,25.25
2021-08-02 04:17:50, 74.69,164.31,17954,94.70,41.70,25.25
2021-08-02 04:20:53, 74.58,164.42,17966,94.77,41.16,25.19
2021-08-02 04:23:56, 74.66,164.34,17957,94.72,41.16,25.19
2021-08-02 04:27:00, 74.64,164.36,17959,94.73,41.16,25.19
2021-08-02 04:30:03, 74.73,164.27,17949,94.68,41.70,25.19
2021-08-02 04:33:07, 74.59,164.41,17965,94.76,40.62,25.19
2021-08-02 04:36:10, 74.68,164.32,17955,94.71,41.16,25.19
2021-08-02 04:39:13, 74.60,164.40,17963,94.76,41.16,25.19
2021-08-02 04:42:17, 74.73,164.27,17949,94.68,41.16,25.19
2021-08-02 04:45:20, 74.75,164.25,17947,94.67,41.16,25.25
2021-08-02 04:48:23, 74.61,164.39,17962,94.75,41.16,25.19
2021-08-02 04:51:27, 74.60,164.40,17963,94.76,41.16,25.19
2021-08-02 04:54:30, 74.82,164.18,17939,94.63,41.16,25.25
2021-08-02 04:57:33, 74.79,164.21,17943,94.65,41.16,25.19
2021-08-02 05:00:36, 74.68,164.32,17955,94.71,41.16,25.19
2021-08-02 05:03:40, 74.81,164.19,17941,94.63,40.62,25.12
2021-08-02 05:06:43, 74.65,164.35,17958,94.73,41.16,25.19
2021-08-02 05:09:46, 74.84,164.16,17937,94.62,41.16,25.19
2021-08-02 05:12:50, 74.76,164.24,17946,94.66,41.16,25.19
2021-08-02 05:15:53, 74.76,164.24,17946,94.66,40.62,25.19
2021-08-02 05:18:56, 74.68,164.32,17955,94.71,41.16,25.19
2021-08-02 05:22:00, 74.85,164.15,17936,94.61,40.62,25.19
2021-08-02 05:25:03, 74.79,164.21,17943,94.65,41.16,25.12
2021-08-02 05:28:06, 74.85,164.15,17936,94.61,41.16,25.19
2021-08-02 05:31:10, 74.76,164.24,17946,94.66,41.16,25.19
2021-08-02 05:34:13, 74.73,164.27,17949,94.68,41.16,25.12
2021-08-02 05:37:16, 74.65,164.35,17958,94.73,40.62,25.12
2021-08-02 05:40:20, 74.76,164.24,17946,94.66,41.16,25.12
2021-08-02 05:43:23, 74.79,164.21,17943,94.65,41.16,25.12
2021-08-02 05:46:26, 74.83,164.17,17938,94.62,41.16,25.19
2021-08-02 05:49:30, 74.81,164.19,17941,94.63,41.16,25.19
2021-08-02 05:52:33, 74.77,164.23,17945,94.66,41.70,25.12
2021-08-02 05:55:36, 74.67,164.33,17956,94.71,41.16,25.12
2021-08-02 05:58:40, 74.72,164.28,17950,94.69,41.16,25.12
2021-08-02 06:01:43, 74.72,164.28,17950,94.69,41.16,25.19
2021-08-02 06:04:46, 74.74,164.26,17948,94.67,41.16,25.12
2021-08-02 06:07:50, 74.62,164.38,17961,94.74,40.62,25.12
2021-08-02 06:10:53, 74.74,164.26,17948,94.67,41.16,25.12
2021-08-02 06:13:56, 74.68,164.32,17955,94.71,41.70,25.12
2021-08-02 06:16:59, 74.75,164.25,17947,94.67,41.16,25.12
2021-08-02 06:20:03, 74.76,164.24,17946,94.66,40.62,25.12
2021-08-02 06:23:06, 74.74,164.26,17948,94.67,41.16,25.12
2021-08-02 06:26:09, 74.73,164.27,17949,94.68,41.16,25.12
2021-08-02 06:29:13, 74.65,164.35,17958,94.73,41.16,25.12
2021-08-02 06:32:16, 74.72,164.28,17950,94.69,41.16,25.12
2021-08-02 06:35:19, 74.75,164.25,17947,94.67,41.16,25.12
2021-08-02 06:38:22, 74.74,164.26,17948,94.67,41.16,25.12
2021-08-02 06:41:26, 74.74,164.26,17948,94.67,41.16,25.12
2021-08-02 06:44:29, 74.37,164.63,17989,94.89,41.16,25.12
2021-08-02 06:47:33, 74.78,164.22,17944,94.65,41.16,25.12
2021-08-02 06:50:36, 74.52,164.48,17972,94.80,40.62,25.12
2021-08-02 06:53:39, 74.89,164.11,17932,94.59,41.16,25.12
2021-08-02 06:56:42, 74.71,164.29,17951,94.69,40.62,25.12
2021-08-02 06:59:46, 74.76,164.24,17946,94.66,41.16,25.12
2021-08-02 07:02:49, 74.80,164.20,17942,94.64,41.16,25.12
2021-08-02 07:05:52, 74.68,164.32,17955,94.71,41.16,25.12
2021-08-02 07:08:56, 74.75,164.25,17947,94.67,41.16,25.12
2021-08-02 07:11:59, 74.74,164.26,17948,94.67,40.08,25.12
2021-08-02 07:15:02, 74.77,164.23,17945,94.66,41.16,25.12
2021-08-02 07:18:05, 74.89,164.11,17932,94.59,41.16,25.06
2021-08-02 07:21:09, 74.66,164.34,17957,94.72,41.16,25.12
2021-08-02 07:24:12, 74.66,164.34,17957,94.72,41.70,25.12
2021-08-02 07:27:15, 74.73,164.27,17949,94.68,40.62,25.06
2021-08-02 07:30:19, 74.88,164.12,17933,94.59,41.16,25.12
2021-08-02 07:33:22, 74.39,164.61,17986,94.88,41.16,25.12
2021-08-02 07:36:25, 74.58,164.42,17966,94.77,41.16,25.12
2021-08-02 07:39:29, 74.56,164.44,17968,94.78,40.62,25.12
2021-08-02 07:42:32, 74.52,164.48,17972,94.80,41.16,25.12
2021-08-02 07:45:35, 74.60,164.40,17963,94.76,41.16,25.12
2021-08-02 07:48:39, 75.01,163.99,17919,94.52,41.16,25.12
2021-08-02 07:51:42, 74.73,164.27,17949,94.68,41.16,25.06
2021-08-02 07:54:45, 74.93,164.07,17927,94.56,41.16,25.12
2021-08-02 07:57:49, 74.71,164.29,17951,94.69,41.16,25.06
2021-08-02 08:00:52, 74.73,164.27,17949,94.68,41.16,25.06
2021-08-02 08:03:55, 74.72,164.28,17950,94.69,41.16,25.06
2021-08-02 08:06:59, 75.04,163.96,17915,94.50,41.16,25.06
2021-08-02 08:10:02, 75.04,163.96,17915,94.50,41.16,25.12
2021-08-02 08:13:05, 74.96,164.04,17924,94.55,40.62,25.06
2021-08-02 08:16:08, 75.10,163.90,17909,94.47,41.16,25.06
2021-08-02 08:19:12, 75.03,163.97,17917,94.51,41.16,25.06
2021-08-02 08:22:15, 75.07,163.93,17912,94.48,41.16,25.06
2021-08-02 08:25:19, 75.12,163.88,17907,94.46,41.16,25.06
2021-08-02 08:28:22, 75.00,164.00,17920,94.52,41.16,25.00
2021-08-02 08:31:25, 75.01,163.99,17919,94.52,40.62,25.06
2021-08-02 08:34:28, 75.05,163.95,17914,94.50,41.16,25.00
2021-08-02 08:37:32, 74.96,164.04,17924,94.55,41.16,25.06
2021-08-02 08:40:35, 74.78,164.22,17944,94.65,41.16,25.00
2021-08-02 08:43:38, 74.97,164.03,17923,94.54,40.62,25.06
2021-08-02 08:46:42, 74.89,164.11,17932,94.59,41.16,25.00
2021-08-02 08:49:45, 75.08,163.92,17911,94.48,41.16,25.00
2021-08-02 08:52:48, 75.02,163.98,17918,94.51,41.16,25.00
2021-08-02 08:55:52, 75.24,163.76,17894,94.39,41.16,25.00
2021-08-02 08:58:55, 75.04,163.96,17915,94.50,40.62,25.12
2021-08-02 09:01:58, 74.74,164.26,17948,94.67,41.16,25.00
2021-08-02 09:05:02, 75.26,163.74,17891,94.37,41.16,25.00
2021-08-02 09:08:05, 74.90,164.10,17931,94.58,41.16,25.06
2021-08-02 09:11:08, 75.09,163.91,17910,94.47,41.16,25.06
2021-08-02 09:14:12, 75.04,163.96,17915,94.50,41.16,25.00
2021-08-02 09:17:15, 75.13,163.87,17906,94.45,41.16,25.06
2021-08-02 09:20:18, 75.40,163.60,17876,94.29,41.16,25.00
2021-08-02 09:23:22, 75.18,163.82,17900,94.42,40.62,25.00
2021-08-02 09:26:25, 75.18,163.82,17900,94.42,41.16,25.00
2021-08-02 09:29:28, 75.19,163.81,17899,94.41,41.16,25.00
2021-08-02 09:32:31, 75.49,163.51,17866,94.24,41.16,25.06
2021-08-02 09:35:35, 75.03,163.97,17917,94.51,41.16,25.12
2021-08-02 09:38:38, 75.04,163.96,17915,94.50,42.24,25.12
2021-08-02 09:41:42, 75.54,163.46,17861,94.21,41.16,25.25
2021-08-02 09:44:45, 69.96,169.04,18471,97.43,41.16,25.25
2021-08-02 09:47:48, 75.30,163.70,17887,94.35,41.70,25.25
2021-08-02 09:50:51, 75.17,163.83,17901,94.43,41.70,25.25
2021-08-02 09:53:55, 75.20,163.80,17898,94.41,41.16,25.19
2021-08-02 09:56:58, 75.40,163.60,17876,94.29,41.16,25.19
2021-08-02 10:00:01, 75.35,163.65,17882,94.32,41.70,25.12
2021-08-02 10:03:05, 75.28,163.72,17889,94.36,42.24,25.19
2021-08-02 10:06:08, 75.60,163.40,17854,94.18,41.16,25.12
2021-08-02 10:09:12, 75.17,163.83,17901,94.43,41.16,25.12
2021-08-02 10:12:15, 75.29,163.71,17888,94.36,42.24,25.19
2021-08-02 10:15:18, 72.19,166.81,18227,96.14,41.70,25.12
2021-08-02 10:18:21, 75.18,163.82,17900,94.42,41.70,25.19
2021-08-02 10:21:25, 75.28,163.72,17889,94.36,41.16,25.19
2021-08-02 10:24:28, 75.38,163.62,17878,94.31,42.24,25.19
2021-08-02 10:27:31, 75.21,163.79,17897,94.40,41.70,25.19
2021-08-02 10:30:35, 73.97,165.03,18032,95.12,42.24,25.25
2021-08-02 10:33:38, 75.25,163.75,17892,94.38,42.24,25.25
2021-08-02 10:36:41, 68.35,170.65,18646,98.36,41.70,25.31
2021-08-02 10:39:45, 75.56,163.44,17859,94.20,41.70,25.31
2021-08-02 10:42:48, 75.27,163.73,17890,94.37,41.70,25.25
2021-08-02 10:45:52, 70.92,168.08,18366,96.88,41.70,25.31
2021-08-02 10:48:55, 75.16,163.84,17902,94.43,42.24,25.31
2021-08-02 10:51:58, 75.47,163.53,17868,94.25,42.24,25.38
2021-08-02 10:55:02, 75.65,163.35,17849,94.15,42.24,25.38
2021-08-02 10:58:05, 75.59,163.41,17855,94.18,41.16,25.31
2021-08-02 11:01:08, 75.57,163.43,17857,94.20,41.16,25.19
2021-08-02 11:04:12, 75.58,163.42,17856,94.19,41.16,25.19
2021-08-02 11:07:15, 75.59,163.41,17855,94.18,41.16,25.12
2021-08-02 11:10:18, 75.57,163.43,17857,94.20,40.62,25.06
2021-08-02 11:13:22, 75.68,163.32,17845,94.13,40.62,25.06
2021-08-02 11:16:25, 75.54,163.46,17861,94.21,40.62,25.06
2021-08-02 11:19:28, 75.42,163.58,17874,94.28,41.16,25.00
2021-08-02 11:22:32, 75.31,163.69,17886,94.35,40.08,25.00
2021-08-02 11:25:35, 75.42,163.58,17874,94.28,40.62,25.00
2021-08-02 11:28:38, 75.14,163.86,17904,94.44,41.16,25.00
2021-08-02 11:31:42, 75.03,163.97,17917,94.51,40.62,24.94
2021-08-02 11:34:45, 75.22,163.78,17896,94.40,41.16,24.94
2021-08-02 11:37:48, 75.22,163.78,17896,94.40,41.16,25.00
2021-08-02 11:40:52, 75.19,163.81,17899,94.41,41.16,25.00
2021-08-02 11:43:55, 75.24,163.76,17894,94.39,40.62,24.94
2021-08-02 11:46:58, 75.13,163.87,17906,94.45,40.08,25.00
2021-08-02 11:50:02, 75.58,163.42,17856,94.19,40.62,25.00
2021-08-02 11:53:05, 75.25,163.75,17892,94.38,41.16,24.94
2021-08-02 11:56:08, 75.18,163.82,17900,94.42,40.08,24.94
2021-08-02 11:59:12, 75.12,163.88,17907,94.46,41.16,24.94
2021-08-02 12:02:15, 75.10,163.90,17909,94.47,41.16,25.00
2021-08-02 12:05:18, 75.16,163.84,17902,94.43,41.16,24.94
2021-08-02 12:08:22, 75.09,163.91,17910,94.47,41.16,24.94
2021-08-02 12:11:25, 75.06,163.94,17913,94.49,41.16,24.94
2021-08-02 12:14:28, 75.64,163.36,17850,94.16,41.16,24.94
2021-08-02 12:17:32, 71.00,168.00,18357,96.83,40.62,25.00
2021-08-02 12:20:35, 75.20,163.80,17898,94.41,40.62,25.06
2021-08-02 12:23:38, 75.33,163.67,17884,94.33,41.16,24.94
2021-08-02 12:26:41, 75.46,163.54,17870,94.26,40.62,25.00
2021-08-02 12:29:45, 75.29,163.71,17888,94.36,41.16,25.00
2021-08-02 12:32:48, 75.31,163.69,17886,94.35,40.62,25.00
2021-08-02 12:35:51, 75.27,163.73,17890,94.37,41.16,25.00
2021-08-02 12:38:55, 75.37,163.63,17879,94.31,40.62,25.00
2021-08-02 12:41:58, 75.25,163.75,17892,94.38,41.16,24.94
2021-08-02 12:45:02, 75.40,163.60,17876,94.29,40.62,25.00
2021-08-02 12:48:05, 75.26,163.74,17891,94.37,41.16,25.00
2021-08-02 12:51:08, 75.86,163.14,17826,94.03,40.08,25.00
2021-08-02 12:54:12, 75.26,163.74,17891,94.37,41.16,24.94
2021-08-02 12:57:15, 75.33,163.67,17884,94.33,40.62,25.06
2021-08-02 13:00:18, 75.34,163.66,17883,94.33,40.62,25.00
2021-08-02 13:03:21, 75.41,163.59,17875,94.29,41.16,24.94
2021-08-02 13:06:25, 75.32,163.68,17885,94.34,40.62,24.94
2021-08-02 13:09:28, 75.28,163.72,17889,94.36,40.62,24.94
2021-08-02 13:12:31, 75.26,163.74,17891,94.37,40.62,25.00
2021-08-02 13:15:35, 75.58,163.42,17856,94.19,41.16,25.00
2021-08-02 13:18:38, 75.78,163.22,17835,94.07,40.08,25.00
2021-08-02 13:21:41, 75.65,163.35,17849,94.15,40.62,25.00
2021-08-02 13:24:45, 75.61,163.39,17853,94.17,40.08,25.00
2021-08-02 13:27:48, 75.87,163.13,17825,94.02,40.62,25.00
2021-08-02 13:30:51, 75.83,163.17,17829,94.05,40.62,25.00
2021-08-02 13:33:55, 75.53,163.47,17862,94.22,40.62,24.94
2021-08-02 13:36:58, 76.02,162.98,17808,93.94,40.08,25.00
2021-08-02 13:40:01, 76.09,162.91,17801,93.90,41.16,25.00
2021-08-02 13:43:05, 75.76,163.24,17837,94.09,40.62,25.00
2021-08-02 13:46:08, 75.84,163.16,17828,94.04,41.16,25.00
2021-08-02 13:49:11, 75.84,163.16,17828,94.04,40.62,25.06
2021-08-02 13:52:15, 75.74,163.26,17839,94.10,40.62,25.00
2021-08-02 13:55:18, 75.91,163.09,17820,94.00,40.62,25.00
2021-08-02 13:58:21, 75.94,163.06,17817,93.98,41.16,25.00
2021-08-02 14:01:25, 76.09,162.91,17801,93.90,41.16,25.00
2021-08-02 14:04:28, 75.51,163.49,17864,94.23,40.62,25.06
2021-08-02 14:07:32, 75.99,163.01,17812,93.95,40.62,25.00
2021-08-02 14:10:35, 75.82,163.18,17830,94.05,41.16,25.06
2021-08-02 14:13:38, 76.08,162.92,17802,93.90,41.16,25.06
2021-08-02 14:16:42, 75.78,163.22,17835,94.07,40.62,25.06
2021-08-02 14:19:45, 76.20,162.80,17789,93.83,41.16,25.06
2021-08-02 14:22:48, 76.17,162.83,17792,93.85,41.16,25.06
2021-08-02 14:25:51, 76.10,162.90,17800,93.89,41.16,25.06
2021-08-02 14:28:55, 75.74,163.26,17839,94.10,40.62,25.06
2021-08-02 14:31:58, 75.86,163.14,17826,94.03,40.62,25.06
2021-08-02 14:35:01, 75.94,163.06,17817,93.98,41.16,25.00
2021-08-02 14:38:05, 75.93,163.07,17818,93.99,40.62,25.00
2021-08-02 14:41:08, 75.64,163.36,17850,94.16,41.16,25.06
2021-08-02 14:44:11, 76.14,162.86,17795,93.87,41.16,25.06
2021-08-02 14:47:15, 76.05,162.95,17805,93.92,40.62,25.06
2021-08-02 14:50:18, 76.02,162.98,17808,93.94,41.16,25.06
2021-08-02 14:53:21, 76.03,162.97,17807,93.93,41.16,25.00
2021-08-02 14:56:24, 76.13,162.87,17796,93.87,40.62,25.00
2021-08-02 14:59:28, 76.08,162.92,17802,93.90,41.16,25.06
2021-08-02 15:02:31, 75.98,163.02,17813,93.96,40.62,25.00
2021-08-02 15:05:34, 75.92,163.08,17819,93.99,40.08,25.00
2021-08-02 15:08:38, 75.65,163.35,17849,94.15,41.16,25.06
2021-08-02 15:11:41, 75.83,163.17,17829,94.05,40.62,25.06
2021-08-02 15:14:44, 75.76,163.24,17837,94.09,41.16,25.00
2021-08-02 15:17:48, 75.72,163.28,17841,94.11,40.62,25.00
2021-08-02 15:20:51, 75.60,163.40,17854,94.18,41.16,25.06
2021-08-02 15:23:54, 76.04,162.96,17806,93.93,41.16,25.06
2021-08-02 15:26:58, 75.50,163.50,17865,94.24,41.16,25.06
2021-08-02 15:30:01, 75.51,163.49,17864,94.23,41.16,25.00
2021-08-02 15:33:04, 75.50,163.50,17865,94.24,40.62,25.00
2021-08-02 15:36:07, 75.50,163.50,17865,94.24,40.62,25.00
2021-08-02 15:39:11, 75.58,163.42,17856,94.19,40.08,25.00
2021-08-02 15:42:14, 76.03,162.97,17807,93.93,40.08,25.00
2021-08-02 15:45:17, 75.61,163.39,17853,94.17,41.16,25.06
2021-08-02 15:48:21, 75.61,163.39,17853,94.17,40.62,25.06
2021-08-02 15:51:24, 75.52,163.48,17863,94.22,40.62,25.06
2021-08-02 15:54:27, 76.08,162.92,17802,93.90,40.62,25.06
2021-08-02 15:57:31, 75.44,163.56,17872,94.27,41.16,25.06
2021-08-02 16:00:34, 75.70,163.30,17843,94.12,40.62,25.06
2021-08-02 16:03:37, 75.57,163.43,17857,94.20,41.16,25.06
2021-08-02 16:06:41, 75.53,163.47,17862,94.22,40.62,25.06
2021-08-02 16:09:44, 75.51,163.49,17864,94.23,41.16,25.00
2021-08-02 16:12:47, 76.00,163.00,17811,93.95,41.16,25.12
2021-08-02 16:15:51, 75.52,163.48,17863,94.22,40.62,25.06
2021-08-02 16:18:54, 75.53,163.47,17862,94.22,41.16,25.00
2021-08-02 16:21:57, 71.59,167.41,18292,96.49,41.16,25.00
2021-08-02 16:25:01, 75.44,163.56,17872,94.27,40.62,25.06
2021-08-02 16:28:04, 75.53,163.47,17862,94.22,41.16,25.06
2021-08-02 16:31:07, 75.44,163.56,17872,94.27,41.16,25.06
2021-08-02 16:34:10, 75.50,163.50,17865,94.24,41.16,25.06
2021-08-02 16:37:14, 75.52,163.48,17863,94.22,41.16,25.06
2021-08-02 16:40:17, 75.57,163.43,17857,94.20,41.16,25.06
2021-08-02 16:43:20, 75.47,163.53,17868,94.25,40.62,25.06
2021-08-02 16:46:24, 75.50,163.50,17865,94.24,41.16,25.00
2021-08-02 16:49:27, 75.41,163.59,17875,94.29,40.62,25.06
2021-08-02 16:52:30, 75.56,163.44,17859,94.20,41.16,25.06
2021-08-02 16:55:34, 75.52,163.48,17863,94.22,41.16,25.06
2021-08-02 16:58:37, 75.51,163.49,17864,94.23,41.16,25.00
2021-08-02 17:01:40, 75.44,163.56,17872,94.27,41.16,25.06
2021-08-02 17:04:44, 75.48,163.52,17867,94.25,40.62,25.06
2021-08-02 17:07:47, 75.50,163.50,17865,94.24,41.16,25.00
2021-08-02 17:10:51, 75.58,163.42,17856,94.19,41.70,25.06
2021-08-02 17:13:54, 75.44,163.56,17872,94.27,41.16,25.06
2021-08-02 17:16:57, 75.41,163.59,17875,94.29,41.16,25.00
2021-08-02 17:20:00, 75.46,163.54,17870,94.26,40.08,25.06
2021-08-02 17:23:04, 75.52,163.48,17863,94.22,40.62,25.06
2021-08-02 17:26:07, 75.48,163.52,17867,94.25,41.16,25.06
2021-08-02 17:29:11, 75.53,163.47,17862,94.22,41.16,25.06
2021-08-02 17:32:14, 76.02,162.98,17808,93.94,41.16,25.00
2021-08-02 17:35:17, 75.82,163.18,17830,94.05,40.62,25.06
2021-08-02 17:38:21, 75.82,163.18,17830,94.05,41.16,25.00
2021-08-02 17:41:24, 75.92,163.08,17819,93.99,41.16,25.06
2021-08-02 17:44:27, 75.63,163.37,17851,94.16,41.16,25.00
2021-08-02 17:47:31, 75.87,163.13,17825,94.02,40.62,25.06
2021-08-02 17:50:34, 75.56,163.44,17859,94.20,40.62,25.06
2021-08-02 17:53:37, 75.90,163.10,17821,94.01,41.16,25.06
2021-08-02 17:56:41, 75.75,163.25,17838,94.09,40.62,25.06
2021-08-02 17:59:44, 75.73,163.27,17840,94.10,41.16,25.06
2021-08-02 18:02:47, 75.90,163.10,17821,94.01,41.16,25.06
2021-08-02 18:05:51, 75.73,163.27,17840,94.10,41.16,25.06
2021-08-02 18:08:54, 75.71,163.29,17842,94.12,41.16,25.06
2021-08-02 18:11:57, 75.69,163.31,17844,94.13,40.62,25.06
2021-08-02 18:15:00, 75.84,163.16,17828,94.04,41.16,25.06
2021-08-02 18:18:04, 75.91,163.09,17820,94.00,41.16,25.00
2021-08-02 18:21:07, 75.73,163.27,17840,94.10,41.16,25.00
2021-08-02 18:24:10, 75.77,163.23,17836,94.08,41.16,25.00
2021-08-02 18:27:14, 75.66,163.34,17848,94.14,41.16,25.06
2021-08-02 18:30:17, 75.66,163.34,17848,94.14,41.16,25.06
2021-08-02 18:33:20, 75.69,163.31,17844,94.13,40.62,25.00
2021-08-02 18:36:24, 75.80,163.20,17832,94.06,41.16,25.00
2021-08-02 18:39:27, 75.64,163.36,17850,94.16,41.16,25.00
2021-08-02 18:42:30, 75.62,163.38,17852,94.17,41.16,25.06
2021-08-02 18:45:34, 75.84,163.16,17828,94.04,41.16,25.06
2021-08-02 18:48:37, 75.66,163.34,17848,94.14,40.62,25.00
2021-08-02 18:51:40, 75.85,163.15,17827,94.03,41.16,25.06
2021-08-02 18:54:44, 75.66,163.34,17848,94.14,41.16,25.00
2021-08-02 18:57:47, 75.85,163.15,17827,94.03,40.62,25.06
2021-08-02 19:00:50, 75.81,163.19,17831,94.06,40.08,25.06
2021-08-02 19:03:53, 75.88,163.12,17824,94.02,41.16,25.00
2021-08-02 19:06:57, 75.47,163.53,17868,94.25,41.16,25.06
2021-08-02 19:10:00, 75.96,163.04,17815,93.97,40.08,25.00
2021-08-02 19:13:03, 75.76,163.24,17837,94.09,41.16,25.06
2021-08-02 19:16:07, 76.03,162.97,17807,93.93,41.16,25.06
2021-08-02 19:19:10, 75.95,163.05,17816,93.98,40.62,25.00
2021-08-02 19:22:14, 75.99,163.01,17812,93.95,41.16,25.06
2021-08-02 19:25:17, 75.82,163.18,17830,94.05,40.08,25.06
2021-08-02 19:28:20, 75.98,163.02,17813,93.96,41.16,25.06
2021-08-02 19:31:23, 75.90,163.10,17821,94.01,40.62,25.06
2021-08-02 19:34:27, 75.79,163.21,17833,94.07,41.16,25.06
2021-08-02 19:37:30, 75.95,163.05,17816,93.98,40.62,25.06
2021-08-02 19:40:34, 75.92,163.08,17819,93.99,41.16,25.06
2021-08-02 19:43:37, 75.84,163.16,17828,94.04,40.62,25.00
2021-08-02 19:46:40, 75.83,163.17,17829,94.05,41.16,25.00
2021-08-02 19:49:44, 75.77,163.23,17836,94.08,41.16,25.00
2021-08-02 19:52:47, 75.99,163.01,17812,93.95,40.62,25.00
2021-08-02 19:55:50, 75.91,163.09,17820,94.00,41.16,25.06
2021-08-02 19:58:54, 75.97,163.03,17814,93.97,41.16,25.00
2021-08-02 20:01:57, 76.04,162.96,17806,93.93,41.16,25.00
2021-08-02 20:05:00, 75.99,163.01,17812,93.95,41.16,25.00
2021-08-02 20:08:04, 76.00,163.00,17811,93.95,40.62,25.06
2021-08-02 20:11:07, 75.83,163.17,17829,94.05,41.16,25.06
2021-08-02 20:14:10, 75.92,163.08,17819,93.99,41.16,25.00
2021-08-02 20:17:14, 76.01,162.99,17809,93.94,40.62,25.00
2021-08-02 20:20:17, 75.81,163.19,17831,94.06,41.16,25.00
2021-08-02 20:23:20, 75.90,163.10,17821,94.01,41.16,25.00
2021-08-02 20:26:24, 75.94,163.06,17817,93.98,41.16,25.06
2021-08-02 20:29:27, 75.98,163.02,17813,93.96,41.16,25.00
2021-08-02 20:32:30, 76.12,162.88,17797,93.88,40.08,25.00
2021-08-02 20:35:34, 76.04,162.96,17806,93.93,40.62,25.00
2021-08-02 20:38:37, 76.02,162.98,17808,93.94,41.16,24.94
2021-08-02 20:41:40, 76.12,162.88,17797,93.88,41.16,25.00
2021-08-02 20:44:44, 75.98,163.02,17813,93.96,41.16,25.00
2021-08-02 20:47:47, 76.06,162.94,17804,93.91,41.16,25.00
2021-08-02 20:50:50, 76.09,162.91,17801,93.90,40.62,25.00
2021-08-02 20:53:54, 76.16,162.84,17793,93.86,41.16,25.06
2021-08-02 20:56:57, 71.10,167.90,18346,96.77,40.62,25.00
2021-08-02 21:00:00, 76.10,162.90,17800,93.89,41.16,25.06
2021-08-02 21:03:04, 76.11,162.89,17798,93.88,41.16,25.00
2021-08-02 21:06:07, 76.28,162.72,17780,93.79,41.16,25.00
2021-08-02 21:09:10, 76.29,162.71,17779,93.78,41.16,25.06
2021-08-02 21:12:14, 76.13,162.87,17796,93.87,41.16,25.00
2021-08-02 21:15:17, 72.74,166.26,18167,95.83,41.16,25.00
2021-08-02 21:18:20, 76.51,162.49,17755,93.65,41.16,25.00
2021-08-02 21:21:23, 76.36,162.64,17771,93.74,41.16,25.00
2021-08-02 21:24:27, 76.23,162.77,17785,93.82,41.16,25.00
2021-08-02 21:27:30, 76.36,162.64,17771,93.74,41.16,25.00
2021-08-02 21:30:34, 76.43,162.57,17764,93.70,40.62,25.00
2021-08-02 21:33:37, 76.03,162.97,17807,93.93,41.16,25.00
2021-08-02 21:36:40, 76.13,162.87,17796,93.87,41.16,25.00
2021-08-02 21:39:44, 76.09,162.91,17801,93.90,41.16,25.06
2021-08-02 21:42:47, 76.39,162.61,17768,93.72,40.62,25.06
2021-08-02 21:45:50, 76.24,162.76,17784,93.81,41.16,25.06
2021-08-02 21:48:54, 76.15,162.85,17794,93.86,41.16,25.06
2021-08-02 21:51:57, 76.30,162.70,17778,93.78,40.62,25.06
2021-08-02 21:55:00, 76.08,162.92,17802,93.90,40.62,25.00
2021-08-02 21:58:04, 76.40,162.60,17767,93.72,41.16,25.06
2021-08-02 22:01:07, 76.32,162.68,17776,93.76,40.62,25.00
2021-08-02 22:04:10, 76.59,162.41,17746,93.61,41.16,25.00
2021-08-02 22:07:13, 76.37,162.63,17770,93.73,41.16,25.06
2021-08-02 22:10:17, 76.28,162.72,17780,93.79,40.62,25.00
2021-08-02 22:13:20, 76.38,162.62,17769,93.73,41.16,25.00
2021-08-02 22:16:23, 76.33,162.67,17774,93.76,41.16,25.00
2021-08-02 22:19:27, 76.43,162.57,17764,93.70,40.62,25.00
2021-08-02 22:22:30, 76.26,162.74,17782,93.80,41.16,24.94
2021-08-02 22:25:33, 76.37,162.63,17770,93.73,40.62,25.00
2021-08-02 22:28:37, 75.89,163.11,17823,94.01,40.62,25.00
2021-08-02 22:31:40, 76.38,162.62,17769,93.73,40.62,25.00
2021-08-02 22:34:43, 75.79,163.21,17833,94.07,40.62,24.94
2021-08-02 22:37:47, 76.09,162.91,17801,93.90,40.62,24.94
2021-08-02 22:40:50, 76.33,162.67,17774,93.76,41.16,24.94
2021-08-02 22:43:53, 76.33,162.67,17774,93.76,41.16,25.00
2021-08-02 22:46:56, 76.07,162.93,17803,93.91,41.16,24.94
2021-08-02 22:50:00, 76.25,162.75,17783,93.80,41.16,24.94
2021-08-02 22:53:03, 76.12,162.88,17797,93.88,41.16,25.00
2021-08-02 22:56:06, 76.42,162.58,17765,93.71,40.62,24.94
2021-08-02 22:59:10, 76.07,162.93,17803,93.91,41.16,25.00
2021-08-02 23:02:13, 76.01,162.99,17809,93.94,40.62,24.94
2021-08-02 23:05:17, 76.06,162.94,17804,93.91,40.62,25.06
2021-08-02 23:08:20, 76.04,162.96,17806,93.93,41.16,25.00
2021-08-02 23:11:23, 76.42,162.58,17765,93.71,40.62,25.00
2021-08-02 23:14:27, 76.14,162.86,17795,93.87,41.16,25.00
2021-08-02 23:17:30, 75.98,163.02,17813,93.96,41.16,25.00
2021-08-02 23:20:33, 76.55,162.45,17750,93.63,41.16,25.00
2021-08-02 23:23:37, 76.13,162.87,17796,93.87,41.16,25.00
2021-08-02 23:26:40, 76.49,162.51,17757,93.67,40.62,25.00
2021-08-02 23:29:43, 76.03,162.97,17807,93.93,40.62,25.00
2021-08-02 23:32:47, 76.12,162.88,17797,93.88,40.62,25.00
2021-08-02 23:35:50, 75.98,163.02,17813,93.96,40.62,24.94
2021-08-02 23:38:53, 76.08,162.92,17802,93.90,40.08,24.94
2021-08-02 23:41:57, 75.45,163.55,17871,94.27,40.62,25.00
2021-08-02 23:45:00, 74.80,164.20,17942,94.64,41.16,24.94
2021-08-02 23:48:03, 74.64,164.36,17959,94.73,40.62,25.00
2021-08-02 23:51:07, 74.17,164.83,18010,95.00,40.62,24.94
2021-08-02 23:54:10, 74.01,164.99,18028,95.10,40.62,24.94
2021-08-02 23:57:13, 72.19,166.81,18227,96.14,40.62,24.94
2021-08-03 00:00:17, 72.99,166.01,18139,95.68,42.24,24.94
2021-08-03 00:03:20, 72.26,166.74,18219,96.10,41.70,25.00
2021-08-03 00:06:23, 71.59,167.41,18292,96.49,41.16,25.06
2021-08-03 00:09:27, 71.14,167.86,18342,96.75,41.16,25.06
2021-08-03 00:12:30, 70.56,168.44,18405,97.08,41.16,25.06
2021-08-03 00:15:34, 69.95,169.05,18472,97.44,41.16,25.06
2021-08-03 00:18:37, 70.56,168.44,18405,97.08,41.16,25.06
2021-08-03 00:21:40, 69.96,169.04,18471,97.43,41.16,25.12
2021-08-03 00:24:44, 70.33,168.67,18430,97.22,41.16,25.12
2021-08-03 00:27:47, 69.90,169.10,18477,97.46,41.70,25.06
2021-08-03 00:30:50, 70.20,168.80,18444,97.29,41.16,25.06
2021-08-03 00:33:54, 69.89,169.11,18478,97.47,41.16,25.12
2021-08-03 00:36:57, 69.95,169.05,18472,97.44,41.70,25.12
2021-08-03 00:40:01, 69.61,169.39,18509,97.63,41.16,25.12
2021-08-03 00:43:04, 69.88,169.12,18479,97.48,41.70,25.12
2021-08-03 00:46:07, 69.87,169.13,18480,97.48,41.70,25.12
2021-08-03 00:49:10, 69.62,169.38,18508,97.63,41.70,25.12
2021-08-03 00:52:14, 69.50,169.50,18521,97.69,41.16,25.12
2021-08-03 00:55:17, 69.52,169.48,18519,97.68,41.16,25.12
2021-08-03 00:58:21, 69.72,169.28,18497,97.57,41.70,25.12
2021-08-03 01:01:24, 69.53,169.47,18517,97.68,41.16,25.12
2021-08-03 01:04:27, 69.50,169.50,18521,97.69,41.70,25.12
2021-08-03 01:07:31, 69.96,169.04,18471,97.43,41.16,25.12
2021-08-03 01:10:34, 69.90,169.10,18477,97.46,41.16,25.12
2021-08-03 01:13:37, 67.58,171.42,18731,98.80,41.16,25.12
2021-08-03 01:16:41, 69.83,169.17,18485,97.50,41.16,25.12
2021-08-03 01:19:44, 70.03,168.97,18463,97.39,41.16,25.12
2021-08-03 01:22:47, 68.29,170.71,18653,98.39,41.16,25.12
2021-08-03 01:25:51, 70.03,168.97,18463,97.39,41.70,25.12
2021-08-03 01:28:54, 69.87,169.13,18480,97.48,41.16,25.12
2021-08-03 01:31:57, 69.68,169.32,18501,97.59,41.16,25.12
2021-08-03 01:35:01, 69.90,169.10,18477,97.46,41.16,25.19
2021-08-03 01:38:04, 69.55,169.45,18515,97.67,41.16,25.12
2021-08-03 01:41:08, 69.71,169.29,18498,97.57,41.16,25.12
2021-08-03 01:44:11, 69.73,169.27,18496,97.56,41.16,25.12
2021-08-03 01:47:14, 69.55,169.45,18515,97.67,41.70,25.12
2021-08-03 01:50:18, 69.66,169.34,18503,97.60,41.16,25.12
2021-08-03 01:53:21, 69.95,169.05,18472,97.44,41.16,25.12
2021-08-03 01:56:24, 69.61,169.39,18509,97.63,42.24,25.12
2021-08-03 01:59:28, 69.70,169.30,18499,97.58,41.16,25.12
2021-08-03 02:02:31, 69.63,169.37,18507,97.62,41.16,25.19
2021-08-03 02:05:34, 70.07,168.93,18458,97.37,41.70,25.25
2021-08-03 02:08:38, 70.17,168.83,18448,97.31,41.16,25.19
2021-08-03 02:11:41, 69.62,169.38,18508,97.63,41.70,25.25
2021-08-03 02:14:45, 69.73,169.27,18496,97.56,41.16,25.19
2021-08-03 02:17:48, 69.87,169.13,18480,97.48,41.16,25.12
2021-08-03 02:20:51, 69.64,169.36,18505,97.61,41.16,25.19
2021-08-03 02:23:55, 69.50,169.50,18521,97.69,41.16,25.12
2021-08-03 02:26:58, 67.29,171.71,18762,98.97,41.16,25.12
2021-08-03 02:30:01, 69.73,169.27,18496,97.56,41.16,25.12
2021-08-03 02:33:05, 69.66,169.34,18503,97.60,41.16,25.12
2021-08-03 02:36:08, 69.90,169.10,18477,97.46,41.16,25.12
2021-08-03 02:39:11, 69.77,169.23,18491,97.54,41.16,25.12
2021-08-03 02:42:15, 69.58,169.42,18512,97.65,41.16,25.12
2021-08-03 02:45:18, 69.51,169.49,18520,97.69,41.16,25.06
2021-08-03 02:48:21, 69.93,169.07,18474,97.45,41.16,25.12
2021-08-03 02:51:25, 69.84,169.16,18484,97.50,41.16,25.12
2021-08-03 02:54:28, 69.44,169.56,18527,97.73,41.16,25.06
2021-08-03 02:57:31, 69.88,169.12,18479,97.48,40.62,25.06
2021-08-03 03:00:35, 69.51,169.49,18520,97.69,41.16,25.06
2021-08-03 03:03:38, 69.81,169.19,18487,97.52,41.16,25.06
2021-08-03 03:06:41, 69.64,169.36,18505,97.61,42.24,25.12
2021-08-03 03:09:45, 70.11,168.89,18454,97.34,41.70,25.12
2021-08-03 03:12:48, 69.93,169.07,18474,97.45,41.70,25.12
2021-08-03 03:15:52, 69.50,169.50,18521,97.69,40.62,25.12
2021-08-03 03:18:55, 69.76,169.24,18492,97.54,41.70,25.12
2021-08-03 03:21:58, 69.45,169.55,18526,97.72,41.16,25.12
2021-08-03 03:25:02, 69.48,169.52,18523,97.71,41.70,25.06
2021-08-03 03:28:05, 69.61,169.39,18509,97.63,41.16,25.06
2021-08-03 03:31:08, 69.59,169.41,18511,97.64,41.16,25.06
2021-08-03 03:34:12, 69.55,169.45,18515,97.67,41.16,25.12
2021-08-03 03:37:15, 68.08,170.92,18676,98.51,41.16,25.06
2021-08-03 03:40:18, 69.87,169.13,18480,97.48,41.16,25.00
2021-08-03 03:43:22, 69.45,169.55,18526,97.72,41.16,25.06
2021-08-03 03:46:25, 69.54,169.46,18516,97.67,41.16,25.06
2021-08-03 03:49:28, 69.04,169.96,18571,97.96,41.16,25.00
2021-08-03 03:52:32, 69.65,169.35,18504,97.61,41.16,25.00
2021-08-03 03:55:35, 69.48,169.52,18523,97.71,41.16,25.00
2021-08-03 03:58:38, 69.94,169.06,18473,97.44,41.16,25.00
2021-08-03 04:01:42, 69.49,169.51,18522,97.70,41.16,25.00
2021-08-03 04:04:45, 70.01,168.99,18465,97.40,41.16,25.06
2021-08-03 04:07:49, 69.59,169.41,18511,97.64,40.08,25.00
2021-08-03 04:10:52, 69.62,169.38,18508,97.63,41.16,25.00
2021-08-03 04:13:55, 69.47,169.53,18524,97.71,41.16,25.00
2021-08-03 04:16:59, 69.50,169.50,18521,97.69,41.16,25.00
2021-08-03 04:20:02, 69.60,169.40,18510,97.64,41.70,25.06
2021-08-03 04:23:05, 69.52,169.48,18519,97.68,41.16,25.00
2021-08-03 04:26:09, 69.64,169.36,18505,97.61,41.16,25.00
2021-08-03 04:29:12, 69.67,169.33,18502,97.60,41.16,25.00
2021-08-03 04:32:15, 69.56,169.44,18514,97.66,41.16,25.00
2021-08-03 04:35:19, 69.67,169.33,18502,97.60,41.16,25.06
2021-08-03 04:38:22, 69.76,169.24,18492,97.54,41.16,25.00
2021-08-03 04:41:25, 69.61,169.39,18509,97.63,40.62,25.06
2021-08-03 04:44:29, 69.73,169.27,18496,97.56,40.62,25.00
2021-08-03 04:47:32, 69.89,169.11,18478,97.47,41.16,25.00
2021-08-03 04:50:35, 69.79,169.21,18489,97.53,41.16,25.00
2021-08-03 04:53:39, 69.31,169.69,18542,97.80,40.62,25.00
2021-08-03 04:56:42, 65.66,173.34,18940,99.91,41.16,25.00
2021-08-03 04:59:46, 69.83,169.17,18485,97.50,41.16,25.06
2021-08-03 05:02:49, 69.91,169.09,18476,97.46,41.16,25.06
2021-08-03 05:05:52, 69.51,169.49,18520,97.69,41.16,25.00
2021-08-03 05:08:56, 69.80,169.20,18488,97.52,41.16,25.00
2021-08-03 05:11:59, 69.74,169.26,18495,97.56,41.70,25.00
2021-08-03 05:15:02, 70.00,169.00,18466,97.41,41.16,25.00
2021-08-03 05:18:06, 67.57,171.43,18732,98.81,41.16,25.06
2021-08-03 05:21:09, 69.64,169.36,18505,97.61,41.16,25.06
2021-08-03 05:24:12, 69.63,169.37,18507,97.62,41.70,25.06
2021-08-03 05:27:16, 69.92,169.08,18475,97.45,41.16,25.06
2021-08-03 05:30:19, 69.62,169.38,18508,97.63,41.16,25.00
2021-08-03 05:33:22, 69.65,169.35,18504,97.61,41.16,25.00
2021-08-03 05:36:26, 60.92,178.08,19458,102.64,41.16,25.06
2021-08-03 05:39:29, 69.56,169.44,18514,97.66,41.16,25.00
2021-08-03 05:42:33, 69.57,169.43,18513,97.65,41.16,25.06
2021-08-03 05:45:36, 69.63,169.37,18507,97.62,41.16,25.06
2021-08-03 05:48:39, 70.01,168.99,18465,97.40,41.16,25.00
2021-08-03 05:51:43, 69.50,169.50,18521,97.69,41.16,25.06
2021-08-03 05:54:46, 69.79,169.21,18489,97.53,41.16,25.06
2021-08-03 05:57:49, 69.60,169.40,18510,97.64,41.16,25.00
2021-08-03 06:00:52, 69.56,169.44,18514,97.66,41.16,25.00
2021-08-03 06:03:56, 69.74,169.26,18495,97.56,41.16,25.00
2021-08-03 06:06:59, 69.76,169.24,18492,97.54,41.16,24.94
2021-08-03 06:10:02, 69.58,169.42,18512,97.65,41.16,25.00
2021-08-03 06:13:06, 70.06,168.94,18460,97.37,41.70,25.00
2021-08-03 06:16:09, 69.54,169.46,18516,97.67,41.16,25.00
2021-08-03 06:19:13, 69.54,169.46,18516,97.67,41.16,25.00
2021-08-03 06:22:16, 69.63,169.37,18507,97.62,41.16,25.00
2021-08-03 06:25:19, 67.22,171.78,18770,99.01,41.16,25.00
2021-08-03 06:28:23, 69.58,169.42,18512,97.65,41.16,25.00
2021-08-03 06:31:26, 69.59,169.41,18511,97.64,41.16,24.94
2021-08-03 06:34:29, 69.55,169.45,18515,97.67,40.62,25.00
2021-08-03 06:37:33, 69.51,169.49,18520,97.69,40.62,25.00
2021-08-03 06:40:36, 69.59,169.41,18511,97.64,41.16,25.00
2021-08-03 06:43:39, 69.60,169.40,18510,97.64,41.16,25.00
2021-08-03 06:46:43, 69.56,169.44,18514,97.66,40.62,25.00
2021-08-03 06:49:46, 69.53,169.47,18517,97.68,41.16,24.94
2021-08-03 06:52:49, 69.66,169.34,18503,97.60,41.16,25.00
2021-08-03 06:55:53, 69.61,169.39,18509,97.63,41.16,25.00
2021-08-03 06:58:56, 68.61,170.39,18618,98.21,40.62,25.00
2021-08-03 07:01:59, 69.62,169.38,18508,97.63,41.16,24.94
2021-08-03 07:05:03, 69.57,169.43,18513,97.65,40.62,25.00
2021-08-03 07:08:06, 69.75,169.25,18493,97.55,40.62,24.94
2021-08-03 07:11:09, 69.54,169.46,18516,97.67,41.16,25.00
2021-08-03 07:14:13, 69.83,169.17,18485,97.50,40.62,24.94
2021-08-03 07:17:16, 69.76,169.24,18492,97.54,41.16,24.94
2021-08-03 07:20:19, 67.02,171.98,18792,99.12,41.16,24.94
2021-08-03 07:23:23, 69.68,169.32,18501,97.59,41.16,24.94
2021-08-03 07:26:26, 69.81,169.19,18487,97.52,41.16,25.00
2021-08-03 07:29:29, 69.72,169.28,18497,97.57,41.70,24.94
2021-08-03 07:32:33, 69.74,169.26,18495,97.56,41.16,25.00
2021-08-03 07:35:36, 69.81,169.19,18487,97.52,41.16,24.94
2021-08-03 07:38:40, 68.97,170.03,18579,98.00,41.16,25.00
2021-08-03 07:41:43, 69.88,169.12,18479,97.48,41.16,24.94
2021-08-03 07:44:46, 69.87,169.13,18480,97.48,40.62,24.94
2021-08-03 07:47:50, 69.80,169.20,18488,97.52,41.16,24.94
2021-08-03 07:50:53, 69.77,169.23,18491,97.54,41.16,24.94
2021-08-03 07:53:56, 69.85,169.15,18483,97.49,41.16,24.94
2021-08-03 07:57:00, 69.90,169.10,18477,97.46,41.16,24.94
2021-08-03 08:00:03, 69.71,169.29,18498,97.57,41.16,24.94
2021-08-03 08:03:06, 69.93,169.07,18474,97.45,41.16,24.94
2021-08-03 08:06:10, 70.00,169.00,18466,97.41,41.16,24.94
2021-08-03 08:09:13, 69.98,169.02,18468,97.42,41.16,25.00
2021-08-03 08:12:16, 69.80,169.20,18488,97.52,41.16,25.00
2021-08-03 08:15:19, 69.87,169.13,18480,97.48,41.16,25.00
2021-08-03 08:18:23, 70.06,168.94,18460,97.37,41.16,24.94
2021-08-03 08:21:26, 68.20,170.80,18663,98.44,41.16,24.94
2021-08-03 08:24:30, 70.30,168.70,18433,97.23,41.70,24.94
2021-08-03 08:27:33, 69.91,169.09,18476,97.46,40.62,24.94
2021-08-03 08:30:36, 70.01,168.99,18465,97.40,41.16,24.94
2021-08-03 08:33:40, 70.41,168.59,18421,97.17,41.16,24.94
2021-08-03 08:36:43, 69.97,169.03,18469,97.42,40.62,24.94
2021-08-03 08:39:47, 69.93,169.07,18474,97.45,41.16,24.94
2021-08-03 08:42:50, 70.06,168.94,18460,97.37,41.16,24.94
2021-08-03 08:45:53, 70.05,168.95,18461,97.38,41.16,24.94
2021-08-03 08:48:57, 70.09,168.91,18456,97.35,41.16,24.88
2021-08-03 08:52:00, 70.30,168.70,18433,97.23,40.62,24.94
2021-08-03 08:55:03, 70.01,168.99,18465,97.40,41.16,24.88
2021-08-03 08:58:07, 70.29,168.71,18434,97.24,41.16,24.88
2021-08-03 09:01:10, 70.35,168.65,18428,97.20,41.70,24.88
2021-08-03 09:04:13, 69.92,169.08,18475,97.45,41.16,24.88
2021-08-03 09:07:17, 69.94,169.06,18473,97.44,40.62,24.94
2021-08-03 09:10:20, 70.22,168.78,18442,97.28,41.16,24.88
2021-08-03 09:13:24, 70.24,168.76,18440,97.27,41.16,24.88
2021-08-03 09:16:27, 69.99,169.01,18467,97.41,41.16,24.88
2021-08-03 09:19:30, 69.91,169.09,18476,97.46,41.16,24.88
2021-08-03 09:22:34, 70.08,168.92,18457,97.36,41.16,24.88
2021-08-03 09:25:37, 70.01,168.99,18465,97.40,41.16,24.88
2021-08-03 09:28:40, 69.99,169.01,18467,97.41,40.62,24.94
2021-08-03 09:31:44, 68.43,170.57,18638,98.31,41.16,24.88
2021-08-03 09:34:47, 69.96,169.04,18471,97.43,41.16,24.81
2021-08-03 09:37:50, 70.02,168.98,18464,97.39,41.16,24.94
2021-08-03 09:40:54, 69.49,169.51,18522,97.70,41.16,24.94
2021-08-03 09:43:57, 69.95,169.05,18472,97.44,40.62,24.88
2021-08-03 09:47:00, 70.01,168.99,18465,97.40,41.16,24.94
2021-08-03 09:50:04, 70.42,168.58,18420,97.16,40.62,24.94
2021-08-03 09:53:07, 67.62,171.38,18726,98.78,41.70,24.94
2021-08-03 09:56:10, 70.17,168.83,18448,97.31,41.16,24.94
2021-08-03 09:59:14, 70.15,168.85,18450,97.32,40.62,24.88
2021-08-03 10:02:17, 70.20,168.80,18444,97.29,41.16,24.94
2021-08-03 10:05:21, 70.06,168.94,18460,97.37,40.62,24.94
2021-08-03 10:08:24, 70.31,168.69,18432,97.23,40.62,24.94
2021-08-03 10:11:27, 70.10,168.90,18455,97.35,41.16,24.88
2021-08-03 10:14:31, 70.27,168.73,18437,97.25,41.70,24.88
2021-08-03 10:17:34, 70.08,168.92,18457,97.36,40.08,24.94
2021-08-03 10:20:37, 70.16,168.84,18449,97.31,41.70,24.94
2021-08-03 10:23:41, 70.43,168.57,18419,97.16,41.16,24.94
2021-08-03 10:26:44, 70.21,168.79,18443,97.29,41.16,24.94
2021-08-03 10:29:47, 70.08,168.92,18457,97.36,41.16,24.94
2021-08-03 10:32:50, 70.10,168.90,18455,97.35,41.16,24.94
2021-08-03 10:35:54, 70.23,168.77,18441,97.27,41.16,25.00
2021-08-03 10:38:57, 70.09,168.91,18456,97.35,41.16,25.00
2021-08-03 10:42:01, 70.10,168.90,18455,97.35,40.62,25.00
2021-08-03 10:45:04, 70.19,168.81,18445,97.30,41.16,25.00
2021-08-03 10:48:07, 70.05,168.95,18461,97.38,41.16,25.00
2021-08-03 10:51:11, 70.12,168.88,18453,97.34,40.62,25.06
2021-08-03 10:54:14, 70.06,168.94,18460,97.37,41.16,25.00
2021-08-03 10:57:17, 70.20,168.80,18444,97.29,41.70,25.00
2021-08-03 11:00:21, 70.05,168.95,18461,97.38,41.16,25.00
2021-08-03 11:03:24, 70.13,168.87,18452,97.33,41.16,25.00
2021-08-03 11:06:27, 69.67,169.33,18502,97.60,41.16,25.00
2021-08-03 11:09:31, 70.52,168.48,18409,97.11,41.16,25.00
2021-08-03 11:12:34, 70.34,168.66,18429,97.21,41.16,25.06
2021-08-03 11:15:37, 70.15,168.85,18450,97.32,41.16,25.00
2021-08-03 11:18:41, 70.71,168.29,18389,97.00,41.16,25.00
2021-08-03 11:21:44, 68.13,170.87,18670,98.48,41.16,25.06
2021-08-03 11:24:47, 70.38,168.62,18425,97.19,41.16,25.00
2021-08-03 11:27:51, 70.12,168.88,18453,97.34,41.70,25.00
2021-08-03 11:30:54, 70.39,168.61,18424,97.18,40.62,25.06
2021-08-03 11:33:57, 70.13,168.87,18452,97.33,40.62,25.00
2021-08-03 11:37:01, 70.13,168.87,18452,97.33,41.16,25.00
2021-08-03 11:40:04, 70.15,168.85,18450,97.32,41.16,25.06
2021-08-03 11:43:07, 70.36,168.64,18427,97.20,41.16,25.06
2021-08-03 11:46:11, 70.62,168.38,18398,97.05,41.16,25.00
2021-08-03 11:49:14, 66.33,172.67,18867,99.52,41.16,25.00
2021-08-03 11:52:17, 70.53,168.47,18408,97.10,41.16,25.00
2021-08-03 11:55:21, 70.38,168.62,18425,97.19,41.16,25.00
2021-08-03 11:58:24, 70.45,168.55,18417,97.15,41.16,25.00
2021-08-03 12:01:27, 70.41,168.59,18421,97.17,41.16,25.00
2021-08-03 12:04:31, 70.56,168.44,18405,97.08,41.16,25.06
2021-08-03 12:07:34, 70.47,168.53,18415,97.14,41.16,25.00
2021-08-03 12:10:37, 70.41,168.59,18421,97.17,41.16,25.00
2021-08-03 12:13:41, 70.87,168.13,18371,96.90,41.16,25.06
2021-08-03 12:16:44, 70.60,168.40,18401,97.06,41.16,25.06
2021-08-03 12:19:47, 70.41,168.59,18421,97.17,41.16,25.00
2021-08-03 12:22:51, 70.39,168.61,18424,97.18,41.70,25.00
2021-08-03 12:25:54, 70.70,168.30,18390,97.00,41.16,25.00
2021-08-03 12:28:57, 70.48,168.52,18414,97.13,41.16,25.00
2021-08-03 12:32:01, 70.86,168.14,18372,96.91,41.16,25.00
2021-08-03 12:35:04, 70.51,168.49,18410,97.11,41.16,25.00
2021-08-03 12:38:08, 70.51,168.49,18410,97.11,41.16,25.00
2021-08-03 12:41:11, 70.48,168.52,18414,97.13,40.62,25.06
2021-08-03 12:44:19, 70.37,168.63,18426,97.19,42.24,25.06
2021-08-03 12:47:23, 70.51,168.49,18410,97.11,42.24,25.06
2021-08-03 12:50:26, 70.31,168.69,18432,97.23,41.16,25.06
2021-08-03 12:53:30, 70.42,168.58,18420,97.16,41.16,25.00
2021-08-03 12:56:33, 70.28,168.72,18436,97.24,40.62,25.06
2021-08-03 12:59:36, 70.72,168.28,18387,96.99,41.16,25.06
2021-08-03 13:02:40, 70.39,168.61,18424,97.18,41.16,25.06
2021-08-03 13:05:43, 70.31,168.69,18432,97.23,41.16,25.06
2021-08-03 13:08:46, 70.22,168.78,18442,97.28,40.62,25.00
2021-08-03 13:11:50, 70.34,168.66,18429,97.21,41.16,25.00
2021-08-03 13:14:53, 70.34,168.66,18429,97.21,41.16,25.06
2021-08-03 13:17:56, 65.47,173.53,18961,100.02,41.16,25.06
2021-08-03 13:21:00, 70.32,168.68,18431,97.22,41.16,25.06
2021-08-03 13:24:03, 70.28,168.72,18436,97.24,41.16,25.06
2021-08-03 13:27:07, 70.33,168.67,18430,97.22,41.16,25.06
2021-08-03 13:30:10, 70.33,168.67,18430,97.22,41.16,25.00
2021-08-03 13:33:13, 70.35,168.65,18428,97.20,40.62,25.00
2021-08-03 13:36:17, 70.32,168.68,18431,97.22,41.16,25.06
2021-08-03 13:39:20, 70.91,168.09,18367,96.88,41.16,25.00
2021-08-03 13:42:24, 70.59,168.41,18402,97.07,41.16,25.06
2021-08-03 13:45:27, 70.44,168.56,18418,97.15,41.16,25.06
2021-08-03 13:48:30, 70.80,168.20,18379,96.95,41.16,25.06
2021-08-03 13:51:34, 70.47,168.53,18415,97.14,41.16,25.06
2021-08-03 13:54:37, 70.70,168.30,18390,97.00,41.70,25.06
2021-08-03 13:57:40, 64.79,174.21,19035,100.41,41.16,25.06
2021-08-03 14:00:44, 70.43,168.57,18419,97.16,41.16,25.06
2021-08-03 14:03:47, 70.45,168.55,18417,97.15,41.70,25.06
2021-08-03 14:06:50, 70.58,168.42,18403,97.07,41.16,25.00
2021-08-03 14:09:54, 70.72,168.28,18387,96.99,41.16,25.12
2021-08-03 14:12:57, 70.51,168.49,18410,97.11,41.16,25.06
2021-08-03 14:16:00, 68.20,170.80,18663,98.44,41.16,25.06
2021-08-03 14:19:04, 70.54,168.46,18407,97.10,41.16,25.06
2021-08-03 14:22:07, 71.04,167.96,18352,96.81,41.16,25.06
2021-08-03 14:25:10, 70.51,168.49,18410,97.11,41.16,25.06
2021-08-03 14:28:14, 70.65,168.35,18395,97.03,41.16,25.06
2021-08-03 14:31:17, 70.47,168.53,18415,97.14,41.16,25.06
2021-08-03 14:34:20, 70.64,168.36,18396,97.04,41.16,25.06
2021-08-03 14:37:24, 66.45,172.55,18854,99.45,41.16,25.06
2021-08-03 14:40:27, 70.52,168.48,18409,97.11,41.16,25.06
2021-08-03 14:43:30, 70.64,168.36,18396,97.04,41.16,25.06
2021-08-03 14:46:34, 70.89,168.11,18369,96.89,41.16,25.06
2021-08-03 14:49:37, 70.45,168.55,18417,97.15,41.16,25.06
2021-08-03 14:52:40, 70.59,168.41,18402,97.07,41.70,25.06
2021-08-03 14:55:44, 70.68,168.32,18392,97.01,41.16,25.12
2021-08-03 14:58:47, 70.69,168.31,18391,97.01,41.16,25.06
2021-08-03 15:01:50, 70.08,168.92,18457,97.36,41.16,25.06
2021-08-03 15:04:54, 70.52,168.48,18409,97.11,41.16,25.06
2021-08-03 15:07:57, 70.55,168.45,18406,97.09,41.16,25.12
2021-08-03 15:11:00, 70.48,168.52,18414,97.13,41.16,25.06
2021-08-03 15:14:04, 70.58,168.42,18403,97.07,41.16,25.06
2021-08-03 15:17:07, 70.72,168.28,18387,96.99,41.16,25.06
2021-08-03 15:20:10, 70.70,168.30,18390,97.00,41.16,25.12
2021-08-03 15:23:14, 70.71,168.29,18389,97.00,41.16,25.06
2021-08-03 15:26:17, 70.70,168.30,18390,97.00,41.16,25.12
2021-08-03 15:29:20, 70.71,168.29,18389,97.00,41.16,25.06
2021-08-03 15:32:24, 70.72,168.28,18387,96.99,41.16,25.12
2021-08-03 15:35:27, 70.75,168.25,18384,96.97,41.70,25.06
2021-08-03 15:38:31, 70.89,168.11,18369,96.89,41.16,25.06
2021-08-03 15:41:34, 70.77,168.23,18382,96.96,41.16,25.12
2021-08-03 15:44:37, 70.68,168.32,18392,97.01,41.70,25.12
2021-08-03 15:47:41, 70.86,168.14,18372,96.91,41.16,25.12
2021-08-03 15:50:44, 70.71,168.29,18389,97.00,41.70,25.12
2021-08-03 15:53:47, 70.64,168.36,18396,97.04,41.16,25.06
2021-08-03 15:56:51, 67.46,171.54,18744,98.87,41.16,25.12
2021-08-03 15:59:54, 70.73,168.27,18386,96.99,41.16,25.06
2021-08-03 16:02:57, 70.67,168.33,18393,97.02,40.62,25.06
2021-08-03 16:06:01, 70.73,168.27,18386,96.99,41.16,25.06
2021-08-03 16:09:04, 70.47,168.53,18415,97.14,41.16,25.12
2021-08-03 16:12:08, 68.30,170.70,18652,98.39,40.62,25.06
2021-08-03 16:15:11, 70.71,168.29,18389,97.00,41.16,25.12
2021-08-03 16:18:14, 70.70,168.30,18390,97.00,41.16,25.06
2021-08-03 16:21:18, 70.43,168.57,18419,97.16,41.16,25.12
2021-08-03 16:24:21, 70.49,168.51,18413,97.12,41.16,25.06
2021-08-03 16:27:24, 65.77,173.23,18928,99.84,41.16,25.12
2021-08-03 16:30:28, 70.84,168.16,18374,96.92,41.16,25.12
2021-08-03 16:33:31, 70.56,168.44,18405,97.08,41.16,25.12
2021-08-03 16:36:35, 70.51,168.49,18410,97.11,41.16,25.12
2021-08-03 16:39:38, 70.61,168.39,18399,97.05,41.16,25.19
2021-08-03 16:42:41, 70.72,168.28,18387,96.99,41.16,25.19
2021-08-03 16:45:45, 70.57,168.43,18404,97.08,41.70,25.12
2021-08-03 16:48:48, 70.74,168.26,18385,96.98,41.16,25.19
2021-08-03 16:51:51, 70.47,168.53,18415,97.14,41.16,25.12
2021-08-03 16:54:55, 70.84,168.16,18374,96.92,41.16,25.19
2021-08-03 16:57:58, 70.52,168.48,18409,97.11,41.16,25.12
2021-08-03 17:01:01, 70.69,168.31,18391,97.01,41.16,25.19
2021-08-03 17:04:05, 70.84,168.16,18374,96.92,41.70,25.12
2021-08-03 17:07:08, 67.49,171.51,18740,98.85,41.70,25.19
2021-08-03 17:10:11, 70.91,168.09,18367,96.88,41.16,25.19
2021-08-03 17:13:15, 70.90,168.10,18368,96.89,41.16,25.12
2021-08-03 17:16:18, 70.13,168.87,18452,97.33,41.16,25.19
2021-08-03 17:19:21, 70.90,168.10,18368,96.89,41.16,25.12
2021-08-03 17:22:25, 71.02,167.98,18355,96.82,41.70,25.19
2021-08-03 17:25:28, 68.92,170.08,18584,98.03,41.70,25.25
2021-08-03 17:28:31, 70.52,168.48,18409,97.11,41.16,25.19
2021-08-03 17:31:35, 71.06,167.94,18350,96.80,42.24,25.19
2021-08-03 17:34:38, 64.48,174.52,19069,100.59,41.16,25.19
2021-08-03 17:37:41, 70.23,168.77,18441,97.27,41.16,25.19
2021-08-03 17:40:45, 70.19,168.81,18445,97.30,41.16,25.19
2021-08-03 17:43:49, 68.96,170.04,18580,98.01,41.70,25.19
2021-08-03 17:46:52, 68.61,170.39,18618,98.21,41.16,25.25
2021-08-03 17:49:55, 68.69,170.31,18609,98.16,41.16,25.19
2021-08-03 17:52:59, 67.74,171.26,18713,98.71,41.16,25.19
2021-08-03 17:56:02, 66.78,172.22,18818,99.26,40.62,25.12
2021-08-03 17:59:06, 66.37,172.63,18863,99.50,41.16,25.12
2021-08-03 18:02:09, 66.30,172.70,18870,99.54,41.16,25.12
2021-08-03 18:05:12, 66.12,172.88,18890,99.64,41.16,25.19
2021-08-03 18:08:16, 66.65,172.35,18832,99.34,41.16,25.19
2021-08-03 18:11:19, 66.76,172.24,18820,99.27,41.16,25.12
2021-08-03 18:14:22, 66.56,172.44,18842,99.39,41.16,25.12
2021-08-03 18:17:26, 66.52,172.48,18846,99.41,41.16,25.12
2021-08-03 18:20:29, 65.73,173.27,18933,99.87,41.16,25.12
2021-08-03 18:23:32, 66.36,172.64,18864,99.50,41.16,25.19
2021-08-03 18:26:36, 66.45,172.55,18854,99.45,41.16,25.12
2021-08-11 19:30:55,107.21,131.79,14400,75.96,44.39,25.81
2021-08-11 19:31:09,106.00,133.00,14532,76.66,42.77,25.88
2021-08-11 19:31:22,102.62,136.38,14902,78.61,42.77,25.88
2021-08-11 19:31:49,107.01,131.99,14422,76.07,44.39,25.94
2021-08-11 19:34:53, 26.90,212.10,23176,122.25,48.15,26.06
2021-08-11 19:37:57,106.99,132.01,14424,76.09,50.31,26.50
2021-08-11 19:41:01,107.01,131.99,14422,76.07,51.38,26.50
2021-08-11 19:44:15,107.17,131.83,14405,75.98,48.69,26.50
2021-08-11 19:47:18,106.93,132.07,14431,76.12,50.84,26.50
2021-08-11 19:50:22,107.00,132.00,14423,76.08,50.31,27.38
2021-08-11 19:53:26,107.00,132.00,14423,76.08,49.77,27.44
2021-08-11 19:56:32,107.13,131.87,14409,76.01,49.77,27.44
2021-08-11 19:59:37,107.07,131.93,14415,76.04,51.38,27.50
2021-08-11 20:02:41,107.00,132.00,14423,76.08,48.69,27.50
2021-08-11 20:05:45,107.17,131.83,14405,75.98,48.69,27.44
2021-08-11 20:08:49,107.12,131.88,14410,76.01,48.69,27.56
2021-08-11 20:11:53,107.27,131.73,14394,75.93,50.31,27.50
2021-08-11 20:14:56,107.12,131.88,14410,76.01,49.77,27.50
2021-08-11 20:18:00,107.15,131.85,14407,75.99,44.39,27.38
2021-08-11 20:21:03,106.84,132.16,14441,76.17,43.31,27.06
2021-08-11 20:24:06,106.94,132.06,14430,76.12,42.24,26.75
2021-08-11 20:27:10,106.89,132.11,14435,76.14,42.24,26.50
2021-08-11 20:30:13,106.90,132.10,14434,76.14,42.24,26.25
2021-08-11 20:33:17,106.81,132.19,14444,76.19,42.24,26.19
2021-08-11 20:36:20,106.88,132.12,14436,76.15,41.70,26.12
2021-08-11 20:39:23,106.90,132.10,14434,76.14,42.24,25.94
2021-08-11 20:42:27,106.83,132.17,14442,76.18,41.70,25.88
2021-08-11 20:45:30,106.86,132.14,14438,76.16,41.16,25.81
2021-08-11 20:48:33,106.93,132.07,14431,76.12,41.16,25.75
2021-08-11 20:51:37,106.72,132.28,14454,76.24,41.16,25.75
2021-08-11 20:54:40,107.04,131.96,14419,76.06,41.16,25.75
2021-08-11 20:57:43,106.89,132.11,14435,76.14,41.16,25.75
2021-08-11 21:00:47,106.67,132.33,14459,76.27,41.70,25.69
2021-08-11 21:03:50,106.78,132.22,14447,76.21,41.16,25.69
2021-08-11 21:06:53,106.92,132.08,14432,76.13,41.16,25.75
2021-08-11 21:09:56,106.77,132.23,14448,76.21,41.16,25.75
2021-08-11 21:13:00,106.75,132.25,14450,76.22,41.16,25.62
2021-08-11 21:16:03,106.91,132.09,14433,76.13,41.16,25.69
2021-08-11 21:19:06,106.77,132.23,14448,76.21,41.16,25.69
2021-08-11 21:22:10,106.90,132.10,14434,76.14,41.16,25.69
2021-08-11 21:25:13,106.76,132.24,14449,76.22,41.16,25.69
2021-08-11 21:28:16,106.77,132.23,14448,76.21,41.16,25.75
2021-08-11 21:31:20,106.70,132.30,14456,76.25,41.16,25.62
2021-08-11 21:34:23,106.79,132.21,14446,76.20,41.16,25.69
2021-08-11 21:37:26,106.64,132.36,14462,76.29,41.16,25.62
2021-08-11 21:40:30,106.74,132.26,14452,76.23,41.16,25.75
2021-08-11 21:43:33,106.82,132.18,14443,76.18,41.70,25.69
2021-08-11 21:46:36,106.72,132.28,14454,76.24,41.16,25.69
2021-08-11 21:49:40,106.86,132.14,14438,76.16,41.16,25.69
2021-08-11 21:52:43,106.72,132.28,14454,76.24,41.16,25.69
2021-08-11 21:55:46,106.70,132.30,14456,76.25,41.16,25.75
2021-08-11 21:58:50,106.75,132.25,14450,76.22,41.16,25.69
2021-08-11 22:01:53,106.67,132.33,14459,76.27,41.16,25.62
2021-08-11 22:04:56,106.85,132.15,14440,76.17,41.16,25.62
2021-08-11 22:08:00,106.73,132.27,14453,76.24,41.16,25.62
2021-08-11 22:11:03,106.87,132.13,14437,76.16,41.70,25.69
2021-08-11 22:14:06,106.66,132.34,14460,76.28,41.16,25.69
2021-08-11 22:17:10,106.89,132.11,14435,76.14,41.16,25.62
2021-08-11 22:20:13,106.80,132.20,14445,76.20,41.16,25.69
2021-08-11 22:23:16,106.82,132.18,14443,76.18,41.70,25.69
2021-08-11 22:26:19,106.75,132.25,14450,76.22,41.16,25.69
2021-08-11 22:29:23,106.74,132.26,14452,76.23,41.16,25.62
2021-08-11 22:32:26,107.03,131.97,14420,76.06,41.16,25.69
2021-08-11 22:35:29,106.84,132.16,14441,76.17,41.16,25.69
2021-08-11 22:38:33,106.85,132.15,14440,76.17,41.70,25.69
2021-08-11 22:41:36,106.76,132.24,14449,76.22,41.16,25.69
2021-08-11 22:44:40,107.04,131.96,14419,76.06,41.16,25.69
2021-08-11 22:47:43,106.66,132.34,14460,76.28,41.16,25.62
2021-08-11 22:50:46,106.92,132.08,14432,76.13,41.16,25.75
2021-08-11 22:53:50,106.87,132.13,14437,76.16,41.16,25.69
2021-08-11 22:56:53,107.07,131.93,14415,76.04,41.70,25.69
2021-08-11 22:59:56,106.91,132.09,14433,76.13,41.16,25.69
2021-08-11 23:02:59,106.88,132.12,14436,76.15,41.16,25.62
2021-08-11 23:06:03,106.92,132.08,14432,76.13,41.16,25.62
2021-08-11 23:09:06,106.75,132.25,14450,76.22,41.16,25.69
2021-08-11 23:12:09,106.76,132.24,14449,76.22,41.16,25.62
2021-08-11 23:15:13,106.93,132.07,14431,76.12,41.16,25.62
2021-08-11 23:18:16,106.91,132.09,14433,76.13,41.16,25.62
2021-08-11 23:21:19,106.79,132.21,14446,76.20,41.16,25.62
2021-08-11 23:24:23,106.90,132.10,14434,76.14,42.24,25.62
